450.0000     450.0000
850.0000     450.0000
597.1178     479.2635
819.5518     603.0734
574.7204     533.3355
732.8427     732.8427
533.3355     574.7204
603.0734     819.5518
479.2635     597.1178
450.0000     850.0000
420.7365     597.1178
296.9266     819.5518
366.6645     574.7204
167.1573     732.8427
325.2796     533.3355
 80.4482     603.0734
302.8822     479.2635
 50.0000     450.0000
302.8822     420.7365
 80.4482     296.9266
325.2796     366.6645
167.1573     167.1573
366.6645     325.2796
296.9266     80.4482
420.7365     302.8822
450.0000     50.0000
479.2635     302.8822
603.0734     80.4482
533.3355     325.2796
732.8427     167.1573
574.7204     366.6645
819.5518     296.9266
597.1178     420.7365
